 N  r  theory_e_star  failing_subsets_at_e_star  min_positive_sigma_at_e_star
 4  0              4                         12                      0.258819
 4  1              3                          8                      0.382683
 4  2              2                          4                      0.707107
 8  0              6                        112                      0.217203
 8  1              4                         24                      0.258819
 8  2              3                         16                      0.382683
 8  3              2                          8                      0.707107
16  1              6                        224                      0.217203
16  2              4                         48                      0.258819
16  3              3                         32                      0.382683
16  4              2                         16                      0.707107
All theorem-range exhaustive checks passed.
[2, 2, True, np.float64(0.7071067811865475), 0.7071067811865476, np.float64(1.1102230246251565e-16), (1, 1)]
[2, 3, True, np.float64(1.0), 1.0, np.float64(0.0), (1, 2)]
[4, 2, True, np.float64(0.49999999999999994), 0.5, np.float64(5.551115123125783e-17), (1, 1)]
[4, 3, True, np.float64(0.7071067811865475), 0.7071067811865476, np.float64(1.1102230246251565e-16), (1, 2)]
[4, 4, True, np.float64(1.0), 1.0, np.float64(0.0), (2, 2)]
[8, 2, True, np.float64(0.3535533905932737), 0.3535533905932738, np.float64(1.1102230246251565e-16), (1, 1)]
[8, 3, True, np.float64(0.4999999999999999), 0.5, np.float64(1.1102230246251565e-16), (1, 2)]
[8, 4, True, np.float64(0.7071067811865474), 0.7071067811865476, np.float64(2.220446049250313e-16), (2, 2)]
[8, 5, True, np.float64(0.8660254037844385), 0.8660254037844386, np.float64(1.1102230246251565e-16), (2, 3)]
 N  r  e     frac  success    ci_lo    ci_hi  median_sigma    p05_sigma
64  0  6 0.046875   1.0000 0.998083 1.000000  6.002048e-01 5.685273e-01
64  0 13 0.101562   1.0000 0.998083 1.000000  5.035177e-01 4.690361e-01
64  0 26 0.203125   1.0000 0.998083 1.000000  3.621302e-01 3.252033e-01
64  0 38 0.296875   1.0000 0.998083 1.000000  2.490487e-01 2.083830e-01
64  0 51 0.398438   0.9935 0.988910 0.996197  1.331136e-01 9.650866e-02
64  1  6 0.046875   1.0000 0.998083 1.000000  5.889880e-01 5.685273e-01
64  1 13 0.101562   1.0000 0.998083 1.000000  5.000000e-01 4.402429e-01
64  1 26 0.203125   1.0000 0.998083 1.000000  3.573087e-01 2.851416e-01
64  1 38 0.296875   0.9990 0.996361 0.999726  2.380261e-01 1.524085e-01
64  1 51 0.398438   0.8660 0.850366 0.880230  1.121189e-01 1.748326e-16
64  2  6 0.046875   1.0000 0.998083 1.000000  5.685273e-01 5.324412e-01
64  2 13 0.101562   1.0000 0.998083 1.000000  5.000000e-01 4.163643e-01
64  2 26 0.203125   0.9955 0.991469 0.997631  3.397834e-01 2.318532e-01
64  2 38 0.296875   0.9315 0.919582 0.941764  2.172030e-01 2.073779e-16
64  2 51 0.398438   0.3925 0.371325 0.414088  1.893627e-16 8.041051e-17
64  3  6 0.046875   1.0000 0.998083 1.000000  5.685273e-01 5.000000e-01
64  3 13 0.101562   1.0000 0.998083 1.000000  5.000000e-01 3.826834e-01
64  3 26 0.203125   0.9595 0.949943 0.967295  3.826834e-01 1.797020e-01
64  3 38 0.296875   0.6740 0.653140 0.694193  1.950903e-01 1.214110e-16
64  3 51 0.398438   0.1005 0.088079 0.114453  1.138932e-16 6.873786e-17
 e  median_exact_sigma  median_bound  p05_exact_sigma  p05_bound    median_gap
 4            0.641570      0.641570         0.588988   0.588988 -1.110223e-16
 8            0.568527      0.532441         0.522838   0.484598  2.046071e-02
12            0.518681      0.440243         0.462568   0.323597  7.588427e-02
16            0.462568      0.323597         0.404661   0.000000  1.424065e-01
relative reconstruction error = 3.5097533646004357e-16
 N  r  predicted_count  comparison_value  match
 8  1               24                24   True
16  2               48                48   True
16  0              560               560   True
theta exact_sigma formula_sigma
0.20 0.373423181463 0.373423181463
0.35 0.467187658506 0.467187658506
0.50 0.500000000000 0.500000000000
0.65 0.467187658506 0.467187658506
0.80 0.373423181463 0.373423181463
=== exhaustive_verify.py ===
=== verify_sharp_profiles.py ===
=== random_profiles.py ===
=== bound_tightness.py ===
=== decoder_check.py ===
=== verify_critical_counts.py ===
=== weighted_stability_check.py ===
All verification scripts completed successfully.
